0
0.0086272
0.017044
0.025259
0.03328
0.041112
0.048765
0.056243
0.063554
0.070702
0.077695
0.084536
0.091232
0.097787
0.10421
0.11049
0.11665
0.12269
0.12861
0.13441
0.1401
0.14568
0.15115
0.15653
0.1618
0.16698
0.17206
0.17706
0.18197
0.18679
0.19152
0.19618
0.20076
0.20526
0.20969
0.21405
0.21833
0.22255
0.2267
0.23078
0.23481
0.23877
0.24267
0.24651
0.25029
0.25402
0.25769
0.26131
0.26488
0.2684
0.27187
0.27529
0.27866
0.28199
0.28527
0.28851
0.2917
0.29485
0.29797
0.30104
0.30407
0.30706
0.31002
0.31293
0.31582
0.31866
0.32148
0.32425
0.327
0.32971
0.33239
0.33504
0.33766
0.34025
0.34281
0.34534
0.34784
0.35031
0.35276
0.35518
0.35757
0.35994
0.36228
0.3646
0.36689
0.36916
0.37141
0.37363
0.37583
0.37801
0.38017
0.3823
0.38441
0.3865
0.38858
0.39063
0.39266
0.39467
0.39667
0.39864
0.4006
0.40254
0.40446
0.40636
0.40824
0.41011
0.41197
0.4138
0.41562
0.41742
0.41921
0.42098
0.42274
0.42448
0.42621
0.42792
0.42962
0.4313
0.43297
0.43462
0.43627
0.4379
0.43951
0.44111
0.4427
0.44428
0.44585
0.4474
0.44894
0.45047
0.45199
0.45349
0.45499
0.45647
0.45794
0.4594
0.46085
0.46229
0.46372
0.46514
0.46655
0.46795
0.46933
0.47071
0.47208
0.47344
0.47479
0.47613
0.47746
0.47878
0.4801
0.4814
0.48269
0.48398
0.48526
0.48653
0.48779
0.48904
0.49029
0.49152
0.49275
0.49397
0.49518
0.49639
0.49759
0.49878
0.49996
0.50113
0.5023
0.50346
0.50462
0.50576
0.5069
0.50803
0.50916
0.51028
0.51139
0.5125
0.5136
0.51469
0.51578
0.51686
0.51793
0.519
0.52006
0.52112
0.52217
0.52321
0.52425
0.52528
0.52631
0.52733
0.52835
0.52936
0.53036
0.53136
0.53235
0.53334
0.53432
0.5353
0.53627
