6.26E+00	2.00E+01	1.00E+01	4.42E+00	4.13E+00	1.12E+00	3.51E+02
6.25E+00	2.00E+01	1.00E+01	4.42E+00	4.13E+00	1.12E+00	3.51E+02
6.25E+00	2.00E+01	1.00E+01	4.42E+00	4.13E+00	1.12E+00	3.51E+02
6.25E+00	2.00E+01	1.00E+01	4.42E+00	4.13E+00	1.12E+00	3.51E+02
6.25E+00	2.00E+01	1.00E+01	4.42E+00	4.13E+00	1.12E+00	3.51E+02
6.25E+00	2.00E+01	1.00E+01	4.42E+00	4.13E+00	1.12E+00	3.51E+02
6.25E+00	2.00E+01	1.00E+01	4.42E+00	4.13E+00	1.12E+00	3.51E+02
6.24E+00	2.00E+01	1.00E+01	4.42E+00	4.13E+00	1.12E+00	3.51E+02
6.24E+00	2.00E+01	1.00E+01	4.42E+00	4.13E+00	1.12E+00	3.51E+02
6.24E+00	2.00E+01	1.00E+01	4.42E+00	4.13E+00	1.12E+00	3.51E+02
6.24E+00	2.00E+01	1.00E+01	4.42E+00	4.13E+00	1.12E+00	3.51E+02
6.24E+00	2.00E+01	1.00E+01	4.42E+00	4.13E+00	1.12E+00	3.51E+02
6.24E+00	2.00E+01	1.00E+01	4.42E+00	4.13E+00	1.12E+00	3.51E+02
6.24E+00	2.00E+01	1.00E+01	4.42E+00	4.13E+00	1.12E+00	3.51E+02
6.24E+00	2.00E+01	1.00E+01	4.42E+00	4.13E+00	1.12E+00	3.50E+02
6.23E+00	2.00E+01	1.00E+01	4.42E+00	4.13E+00	1.12E+00	3.50E+02
6.23E+00	2.00E+01	1.00E+01	4.42E+00	4.13E+00	1.12E+00	3.50E+02
6.23E+00	2.00E+01	1.00E+01	4.42E+00	4.13E+00	1.12E+00	3.50E+02
6.23E+00	2.00E+01	1.00E+01	4.42E+00	4.13E+00	1.12E+00	3.50E+02
6.23E+00	2.00E+01	1.00E+01	4.42E+00	4.13E+00	1.12E+00	3.50E+02
6.22E+00	2.00E+01	1.00E+01	4.42E+00	4.13E+00	1.12E+00	3.50E+02
6.22E+00	2.00E+01	1.00E+01	4.42E+00	4.13E+00	1.12E+00	3.50E+02
6.22E+00	2.00E+01	1.00E+01	4.42E+00	4.13E+00	1.12E+00	3.50E+02
6.22E+00	2.00E+01	1.00E+01	4.42E+00	4.13E+00	1.12E+00	3.50E+02
6.22E+00	2.00E+01	1.00E+01	4.42E+00	4.13E+00	1.12E+00	3.50E+02
6.21E+00	2.00E+01	1.00E+01	4.42E+00	4.13E+00	1.12E+00	3.50E+02
6.21E+00	2.00E+01	1.00E+01	4.42E+00	4.13E+00	1.12E+00	3.50E+02
6.21E+00	2.00E+01	1.00E+01	4.42E+00	4.13E+00	1.12E+00	3.50E+02
6.20E+00	2.00E+01	1.00E+01	4.42E+00	4.13E+00	1.12E+00	3.50E+02
6.20E+00	2.00E+01	1.00E+01	4.42E+00	4.13E+00	1.12E+00	3.50E+02
6.20E+00	2.00E+01	1.00E+01	4.42E+00	4.13E+00	1.12E+00	3.50E+02
6.19E+00	2.00E+01	1.00E+01	4.42E+00	4.13E+00	1.12E+00	3.50E+02
6.19E+00	2.00E+01	1.00E+01	4.42E+00	4.13E+00	1.12E+00	3.50E+02
6.19E+00	2.00E+01	1.00E+01	4.42E+00	4.13E+00	1.12E+00	3.50E+02
6.18E+00	2.00E+01	1.00E+01	4.42E+00	4.13E+00	1.12E+00	3.50E+02
6.18E+00	2.00E+01	1.00E+01	4.42E+00	4.13E+00	1.12E+00	3.50E+02
6.18E+00	2.00E+01	1.00E+01	4.42E+00	4.13E+00	1.12E+00	3.50E+02
6.17E+00	2.00E+01	1.00E+01	4.42E+00	4.13E+00	1.12E+00	3.50E+02
6.17E+00	2.00E+01	1.00E+01	4.42E+00	4.13E+00	1.12E+00	3.50E+02
6.16E+00	2.00E+01	1.00E+01	4.42E+00	4.13E+00	1.12E+00	3.50E+02
6.16E+00	2.00E+01	1.00E+01	4.42E+00	4.13E+00	1.12E+00	3.50E+02
6.15E+00	2.00E+01	1.00E+01	4.42E+00	4.13E+00	1.12E+00	3.50E+02
6.15E+00	2.00E+01	1.00E+01	4.42E+00	4.13E+00	1.12E+00	3.50E+02
6.14E+00	2.00E+01	1.00E+01	4.42E+00	4.13E+00	1.12E+00	3.49E+02
6.14E+00	2.00E+01	1.00E+01	4.42E+00	4.13E+00	1.12E+00	3.49E+02
6.13E+00	2.00E+01	1.00E+01	4.42E+00	4.13E+00	1.12E+00	3.49E+02
6.13E+00	2.00E+01	1.00E+01	4.42E+00	4.13E+00	1.12E+00	3.49E+02
6.12E+00	2.00E+01	1.00E+01	4.42E+00	4.13E+00	1.12E+00	3.49E+02
6.12E+00	2.00E+01	1.00E+01	4.42E+00	4.14E+00	1.12E+00	3.49E+02
6.11E+00	2.00E+01	1.00E+01	4.42E+00	4.13E+00	1.12E+00	3.49E+02
6.10E+00	2.00E+01	1.00E+01	4.42E+00	4.13E+00	1.12E+00	3.49E+02
6.10E+00	2.00E+01	1.00E+01	4.42E+00	4.13E+00	1.12E+00	3.49E+02
6.09E+00	2.00E+01	1.00E+01	4.42E+00	4.13E+00	1.12E+00	3.49E+02
6.09E+00	2.00E+01	1.00E+01	4.42E+00	4.14E+00	1.12E+00	3.49E+02
6.08E+00	2.00E+01	1.00E+01	4.42E+00	4.14E+00	1.12E+00	3.49E+02
6.07E+00	2.00E+01	1.00E+01	4.42E+00	4.14E+00	1.12E+00	3.49E+02
6.07E+00	2.00E+01	1.00E+01	4.42E+00	4.14E+00	1.12E+00	3.49E+02
6.06E+00	2.00E+01	1.00E+01	4.42E+00	4.14E+00	1.12E+00	3.49E+02
6.05E+00	2.00E+01	1.00E+01	4.42E+00	4.14E+00	1.12E+00	3.49E+02
6.05E+00	2.00E+01	1.00E+01	4.42E+00	4.14E+00	1.12E+00	3.49E+02
6.04E+00	2.00E+01	1.00E+01	4.42E+00	4.14E+00	1.12E+00	3.49E+02
6.03E+00	2.00E+01	1.00E+01	4.42E+00	4.14E+00	1.12E+00	3.48E+02
6.03E+00	2.00E+01	1.00E+01	4.42E+00	4.14E+00	1.12E+00	3.48E+02
6.02E+00	2.00E+01	1.00E+01	4.42E+00	4.14E+00	1.12E+00	3.48E+02
6.01E+00	2.00E+01	1.00E+01	4.42E+00	4.14E+00	1.12E+00	3.48E+02
6.01E+00	2.00E+01	1.00E+01	4.42E+00	4.14E+00	1.12E+00	3.48E+02
6.00E+00	2.00E+01	1.00E+01	4.42E+00	4.14E+00	1.12E+00	3.48E+02
5.99E+00	2.00E+01	1.00E+01	4.42E+00	4.14E+00	1.12E+00	3.48E+02
5.98E+00	2.00E+01	1.00E+01	4.42E+00	4.14E+00	1.12E+00	3.48E+02
5.98E+00	2.00E+01	1.00E+01	4.42E+00	4.14E+00	1.12E+00	3.48E+02
5.97E+00	2.00E+01	1.00E+01	4.42E+00	4.14E+00	1.12E+00	3.48E+02
5.96E+00	2.00E+01	1.00E+01	4.42E+00	4.14E+00	1.12E+00	3.48E+02
5.95E+00	2.00E+01	1.00E+01	4.42E+00	4.14E+00	1.12E+00	3.48E+02
5.94E+00	2.00E+01	1.00E+01	4.42E+00	4.14E+00	1.12E+00	3.48E+02
5.93E+00	2.00E+01	1.00E+01	4.42E+00	4.14E+00	1.12E+00	3.48E+02
5.93E+00	2.00E+01	1.00E+01	4.42E+00	4.14E+00	1.12E+00	3.48E+02
5.92E+00	2.00E+01	1.00E+01	4.42E+00	4.14E+00	1.12E+00	3.48E+02
5.91E+00	2.00E+01	1.00E+01	4.42E+00	4.14E+00	1.12E+00	3.47E+02
5.90E+00	2.00E+01	1.00E+01	4.42E+00	4.14E+00	1.12E+00	3.47E+02
5.89E+00	2.00E+01	1.00E+01	4.42E+00	4.14E+00	1.12E+00	3.47E+02
5.88E+00	2.00E+01	1.00E+01	4.42E+00	4.14E+00	1.12E+00	3.47E+02
5.87E+00	2.00E+01	1.00E+01	4.42E+00	4.14E+00	1.12E+00	3.47E+02
5.86E+00	2.00E+01	1.00E+01	4.42E+00	4.14E+00	1.12E+00	3.47E+02
5.85E+00	2.00E+01	1.00E+01	4.42E+00	4.14E+00	1.12E+00	3.47E+02
5.84E+00	2.00E+01	1.00E+01	4.42E+00	4.14E+00	1.12E+00	3.47E+02
5.83E+00	2.00E+01	1.00E+01	4.42E+00	4.14E+00	1.12E+00	3.47E+02
5.82E+00	2.00E+01	1.00E+01	4.42E+00	4.14E+00	1.12E+00	3.47E+02
5.81E+00	2.00E+01	1.00E+01	4.42E+00	4.14E+00	1.12E+00	3.47E+02
5.80E+00	2.00E+01	1.00E+01	4.42E+00	4.14E+00	1.12E+00	3.47E+02
5.79E+00	2.00E+01	1.00E+01	4.42E+00	4.15E+00	1.12E+00	3.47E+02
5.78E+00	2.00E+01	1.00E+01	4.42E+00	4.15E+00	1.12E+00	3.47E+02
5.77E+00	2.00E+01	1.00E+01	4.42E+00	4.15E+00	1.12E+00	3.47E+02
5.76E+00	2.00E+01	1.00E+01	4.42E+00	4.15E+00	1.12E+00	3.46E+02
5.75E+00	2.00E+01	1.00E+01	4.42E+00	4.15E+00	1.12E+00	3.46E+02
5.74E+00	2.00E+01	1.00E+01	4.42E+00	4.15E+00	1.12E+00	3.46E+02
5.73E+00	2.00E+01	1.00E+01	4.42E+00	4.15E+00	1.12E+00	3.46E+02
5.72E+00	2.00E+01	1.00E+01	4.42E+00	4.15E+00	1.12E+00	3.46E+02
5.71E+00	2.00E+01	1.00E+01	4.42E+00	4.15E+00	1.12E+00	3.46E+02
5.69E+00	2.00E+01	1.00E+01	4.42E+00	4.15E+00	1.12E+00	3.46E+02
5.68E+00	2.00E+01	1.00E+01	4.42E+00	4.15E+00	1.12E+00	3.46E+02
5.67E+00	2.00E+01	1.00E+01	4.42E+00	4.15E+00	1.12E+00	3.46E+02
5.66E+00	2.00E+01	1.00E+01	4.42E+00	4.15E+00	1.12E+00	3.46E+02
5.65E+00	2.00E+01	1.00E+01	4.42E+00	4.15E+00	1.12E+00	3.46E+02
5.64E+00	2.00E+01	1.00E+01	4.42E+00	4.15E+00	1.12E+00	3.46E+02
5.62E+00	2.00E+01	1.00E+01	4.42E+00	4.15E+00	1.12E+00	3.46E+02
5.61E+00	2.00E+01	1.00E+01	4.42E+00	4.15E+00	1.12E+00	3.46E+02
5.60E+00	2.00E+01	1.00E+01	4.42E+00	4.15E+00	1.12E+00	3.46E+02
5.59E+00	2.00E+01	1.00E+01	4.42E+00	4.15E+00	1.12E+00	3.45E+02
5.58E+00	2.00E+01	1.00E+01	4.42E+00	4.15E+00	1.12E+00	3.45E+02
5.56E+00	2.00E+01	1.00E+01	4.42E+00	4.15E+00	1.12E+00	3.45E+02
5.55E+00	2.00E+01	1.00E+01	4.42E+00	4.15E+00	1.12E+00	3.45E+02
5.54E+00	2.00E+01	1.00E+01	4.42E+00	4.15E+00	1.12E+00	3.45E+02
5.52E+00	2.00E+01	1.00E+01	4.42E+00	4.15E+00	1.12E+00	3.45E+02
5.51E+00	2.00E+01	1.00E+01	4.42E+00	4.15E+00	1.12E+00	3.45E+02
5.50E+00	2.00E+01	1.00E+01	4.41E+00	4.16E+00	1.12E+00	3.45E+02
5.48E+00	2.00E+01	1.00E+01	4.41E+00	4.16E+00	1.12E+00	3.45E+02
5.47E+00	2.00E+01	1.00E+01	4.41E+00	4.15E+00	1.12E+00	3.45E+02
5.45E+00	2.00E+01	1.00E+01	4.41E+00	4.16E+00	1.12E+00	3.45E+02
5.44E+00	2.00E+01	1.00E+01	4.41E+00	4.16E+00	1.12E+00	3.45E+02
5.43E+00	2.00E+01	1.00E+01	4.41E+00	4.16E+00	1.12E+00	3.45E+02
5.41E+00	2.00E+01	1.00E+01	4.41E+00	4.16E+00	1.12E+00	3.45E+02
5.40E+00	2.00E+01	1.00E+01	4.41E+00	4.16E+00	1.12E+00	3.45E+02
5.38E+00	2.00E+01	1.00E+01	4.41E+00	4.16E+00	1.12E+00	3.45E+02
5.37E+00	2.00E+01	1.00E+01	4.41E+00	4.16E+00	1.12E+00	3.44E+02
5.35E+00	2.00E+01	1.00E+01	4.41E+00	4.16E+00	1.12E+00	3.44E+02
5.34E+00	2.00E+01	1.00E+01	4.41E+00	4.16E+00	1.12E+00	3.44E+02
5.32E+00	2.00E+01	1.00E+01	4.41E+00	4.16E+00	1.12E+00	3.44E+02
5.31E+00	2.00E+01	1.00E+01	4.41E+00	4.16E+00	1.12E+00	3.44E+02
5.29E+00	2.00E+01	1.00E+01	4.41E+00	4.16E+00	1.12E+00	3.44E+02
5.28E+00	2.00E+01	1.00E+01	4.41E+00	4.16E+00	1.12E+00	3.44E+02
5.26E+00	2.00E+01	1.00E+01	4.41E+00	4.16E+00	1.12E+00	3.44E+02
5.25E+00	2.00E+01	1.00E+01	4.41E+00	4.16E+00	1.12E+00	3.44E+02
5.23E+00	2.00E+01	1.00E+01	4.41E+00	4.16E+00	1.12E+00	3.44E+02
5.21E+00	2.00E+01	1.00E+01	4.41E+00	4.16E+00	1.12E+00	3.44E+02
5.19E+00	2.00E+01	1.00E+01	4.41E+00	4.16E+00	1.12E+00	3.44E+02
5.18E+00	2.00E+01	1.00E+01	4.41E+00	4.16E+00	1.12E+00	3.44E+02
5.16E+00	2.00E+01	1.00E+01	4.41E+00	4.17E+00	1.12E+00	3.44E+02
5.15E+00	2.00E+01	1.00E+01	4.41E+00	4.17E+00	1.12E+00	3.44E+02
5.13E+00	2.00E+01	1.00E+01	4.41E+00	4.17E+00	1.12E+00	3.44E+02
5.11E+00	2.00E+01	1.00E+01	4.41E+00	4.17E+00	1.12E+00	3.44E+02
5.09E+00	2.00E+01	1.00E+01	4.41E+00	4.17E+00	1.12E+00	3.43E+02
5.07E+00	2.00E+01	1.00E+01	4.41E+00	4.17E+00	1.12E+00	3.43E+02
5.05E+00	2.00E+01	1.00E+01	4.41E+00	4.17E+00	1.12E+00	3.43E+02
5.04E+00	2.00E+01	1.00E+01	4.41E+00	4.17E+00	1.12E+00	3.43E+02
5.02E+00	2.00E+01	1.00E+01	4.41E+00	4.17E+00	1.12E+00	3.43E+02
5.00E+00	2.00E+01	1.00E+01	4.41E+00	4.17E+00	1.12E+00	3.43E+02
4.98E+00	2.00E+01	1.00E+01	4.41E+00	4.17E+00	1.12E+00	3.43E+02
4.96E+00	2.00E+01	1.00E+01	4.41E+00	4.17E+00	1.12E+00	3.43E+02
4.94E+00	2.00E+01	1.00E+01	4.41E+00	4.17E+00	1.12E+00	3.43E+02
4.92E+00	2.00E+01	1.00E+01	4.41E+00	4.17E+00	1.12E+00	3.43E+02
4.90E+00	2.00E+01	1.00E+01	4.41E+00	4.18E+00	1.12E+00	3.43E+02
4.88E+00	2.00E+01	1.00E+01	4.41E+00	4.18E+00	1.12E+00	3.43E+02
4.86E+00	2.00E+01	1.00E+01	4.41E+00	4.18E+00	1.12E+00	3.43E+02
4.84E+00	2.00E+01	1.00E+01	4.41E+00	4.18E+00	1.12E+00	3.43E+02
4.82E+00	2.00E+01	1.00E+01	4.41E+00	4.18E+00	1.12E+00	3.43E+02
4.80E+00	2.00E+01	1.00E+01	4.41E+00	4.18E+00	1.12E+00	3.43E+02
4.78E+00	2.00E+01	1.00E+01	4.41E+00	4.18E+00	1.12E+00	3.43E+02
4.75E+00	2.00E+01	1.00E+01	4.41E+00	4.18E+00	1.12E+00	3.43E+02
4.73E+00	2.00E+01	1.00E+01	4.41E+00	4.18E+00	1.12E+00	3.43E+02
4.71E+00	2.00E+01	1.00E+01	4.41E+00	4.18E+00	1.12E+00	3.42E+02
4.68E+00	2.00E+01	1.00E+01	4.41E+00	4.18E+00	1.12E+00	3.42E+02
4.66E+00	2.00E+01	1.00E+01	4.41E+00	4.18E+00	1.12E+00	3.42E+02
4.64E+00	2.00E+01	1.00E+01	4.41E+00	4.18E+00	1.12E+00	3.42E+02
4.61E+00	2.00E+01	1.00E+01	4.41E+00	4.18E+00	1.12E+00	3.42E+02
4.58E+00	2.00E+01	1.00E+01	4.41E+00	4.18E+00	1.12E+00	3.42E+02
4.56E+00	2.00E+01	1.00E+01	4.41E+00	4.19E+00	1.12E+00	3.42E+02
4.53E+00	2.00E+01	1.00E+01	4.41E+00	4.19E+00	1.12E+00	3.42E+02
4.51E+00	2.00E+01	1.00E+01	4.41E+00	4.19E+00	1.12E+00	3.42E+02
4.48E+00	2.00E+01	1.00E+01	4.41E+00	4.19E+00	1.12E+00	3.42E+02
4.45E+00	2.00E+01	1.00E+01	4.41E+00	4.19E+00	1.12E+00	3.42E+02
4.42E+00	2.00E+01	1.00E+01	4.41E+00	4.19E+00	1.12E+00	3.42E+02
4.39E+00	2.00E+01	1.00E+01	4.41E+00	4.19E+00	1.12E+00	3.42E+02
4.36E+00	2.00E+01	1.00E+01	4.41E+00	4.19E+00	1.12E+00	3.42E+02
4.33E+00	2.00E+01	1.00E+01	4.41E+00	4.19E+00	1.12E+00	3.42E+02
4.30E+00	2.00E+01	1.00E+01	4.41E+00	4.20E+00	1.12E+00	3.42E+02
4.26E+00	2.00E+01	1.00E+01	4.41E+00	4.20E+00	1.12E+00	3.42E+02
4.22E+00	2.00E+01	1.00E+01	4.41E+00	4.20E+00	1.12E+00	3.42E+02
4.18E+00	2.00E+01	1.00E+01	4.41E+00	4.20E+00	1.12E+00	3.42E+02
4.14E+00	2.00E+01	1.00E+01	4.41E+00	4.20E+00	1.12E+00	3.42E+02
4.11E+00	2.00E+01	1.00E+01	4.41E+00	4.20E+00	1.12E+00	3.42E+02
4.05E+00	2.65E+02	1.00E+01	4.40E+00	4.21E+00	1.12E+00	3.41E+02
3.99E+00	5.10E+02	1.00E+01	4.40E+00	4.21E+00	1.12E+00	3.41E+02
3.95E+00	5.10E+02	1.00E+01	4.40E+00	4.21E+00	1.12E+00	3.41E+02
3.92E+00	5.10E+02	1.00E+01	4.40E+00	4.21E+00	1.12E+00	3.41E+02
3.88E+00	5.10E+02	1.00E+01	4.40E+00	4.21E+00	1.12E+00	3.41E+02
3.85E+00	5.10E+02	1.00E+01	4.40E+00	4.21E+00	1.12E+00	3.41E+02
3.81E+00	5.10E+02	1.00E+01	4.40E+00	4.21E+00	1.12E+00	3.41E+02
3.78E+00	5.10E+02	1.00E+01	4.40E+00	4.21E+00	1.12E+00	3.41E+02
3.76E+00	5.10E+02	1.00E+01	4.40E+00	4.21E+00	1.12E+00	3.41E+02
3.73E+00	5.10E+02	1.00E+01	4.40E+00	4.22E+00	1.12E+00	3.41E+02
3.71E+00	5.10E+02	1.00E+01	4.40E+00	4.22E+00	1.12E+00	3.41E+02
3.69E+00	5.10E+02	1.00E+01	4.40E+00	4.22E+00	1.12E+00	3.41E+02
3.66E+00	5.10E+02	1.00E+01	4.40E+00	4.22E+00	1.12E+00	3.41E+02
3.64E+00	5.10E+02	1.00E+01	4.40E+00	4.22E+00	1.12E+00	3.41E+02
3.62E+00	5.10E+02	1.00E+01	4.40E+00	4.22E+00	1.12E+00	3.41E+02
3.60E+00	5.10E+02	1.00E+01	4.40E+00	4.22E+00	1.12E+00	3.41E+02
3.58E+00	5.10E+02	1.00E+01	4.40E+00	4.22E+00	1.12E+00	3.41E+02
3.56E+00	5.10E+02	1.00E+01	4.40E+00	4.22E+00	1.12E+00	3.41E+02
3.54E+00	5.10E+02	1.00E+01	4.40E+00	4.22E+00	1.12E+00	3.41E+02
3.52E+00	5.10E+02	1.00E+01	4.40E+00	4.22E+00	1.12E+00	3.40E+02
3.51E+00	5.10E+02	1.00E+01	4.40E+00	4.22E+00	1.12E+00	3.40E+02
3.49E+00	5.10E+02	1.00E+01	4.40E+00	4.22E+00	1.12E+00	3.40E+02
3.47E+00	5.10E+02	1.00E+01	4.40E+00	4.22E+00	1.12E+00	3.40E+02
3.46E+00	5.10E+02	1.00E+01	4.40E+00	4.23E+00	1.12E+00	3.40E+02
3.44E+00	5.10E+02	1.00E+01	4.40E+00	4.23E+00	1.12E+00	3.40E+02
3.43E+00	5.10E+02	1.00E+01	4.40E+00	4.23E+00	1.12E+00	3.40E+02
3.41E+00	5.10E+02	1.00E+01	4.40E+00	4.23E+00	1.12E+00	3.40E+02
3.40E+00	5.10E+02	1.00E+01	4.40E+00	4.23E+00	1.12E+00	3.40E+02
3.38E+00	5.10E+02	1.00E+01	4.40E+00	4.23E+00	1.12E+00	3.40E+02
3.37E+00	5.10E+02	1.00E+01	4.40E+00	4.23E+00	1.12E+00	3.40E+02
3.35E+00	5.10E+02	1.00E+01	4.40E+00	4.23E+00	1.12E+00	3.40E+02
3.34E+00	5.10E+02	1.00E+01	4.40E+00	4.23E+00	1.12E+00	3.40E+02
3.33E+00	5.10E+02	1.00E+01	4.40E+00	4.23E+00	1.12E+00	3.40E+02
3.32E+00	5.10E+02	1.00E+01	4.40E+00	4.23E+00	1.12E+00	3.40E+02
3.30E+00	5.10E+02	1.00E+01	4.40E+00	4.23E+00	1.12E+00	3.40E+02
3.29E+00	5.10E+02	1.00E+01	4.40E+00	4.23E+00	1.12E+00	3.40E+02
3.28E+00	5.10E+02	1.00E+01	4.40E+00	4.23E+00	1.12E+00	3.40E+02
3.27E+00	5.10E+02	1.00E+01	4.40E+00	4.23E+00	1.12E+00	3.40E+02
3.25E+00	5.10E+02	1.00E+01	4.40E+00	4.23E+00	1.12E+00	3.39E+02
3.24E+00	5.10E+02	1.00E+01	4.40E+00	4.23E+00	1.12E+00	3.39E+02
3.23E+00	5.10E+02	1.00E+01	4.40E+00	4.23E+00	1.12E+00	3.39E+02
3.22E+00	5.10E+02	1.00E+01	4.40E+00	4.23E+00	1.12E+00	3.39E+02
3.21E+00	5.10E+02	1.00E+01	4.40E+00	4.23E+00	1.12E+00	3.39E+02
3.20E+00	5.10E+02	1.00E+01	4.40E+00	4.23E+00	1.12E+00	3.39E+02
3.19E+00	5.10E+02	1.00E+01	4.40E+00	4.23E+00	1.12E+00	3.39E+02
3.18E+00	5.10E+02	1.00E+01	4.40E+00	4.23E+00	1.12E+00	3.39E+02
3.17E+00	5.10E+02	1.00E+01	4.40E+00	4.23E+00	1.12E+00	3.39E+02
3.15E+00	5.10E+02	1.00E+01	4.40E+00	4.24E+00	1.12E+00	3.39E+02
3.14E+00	5.10E+02	1.00E+01	4.40E+00	4.24E+00	1.12E+00	3.39E+02
3.13E+00	5.10E+02	1.00E+01	4.40E+00	4.24E+00	1.12E+00	3.39E+02
3.12E+00	5.10E+02	1.00E+01	4.40E+00	4.24E+00	1.12E+00	3.39E+02
3.11E+00	5.10E+02	1.00E+01	4.40E+00	4.24E+00	1.12E+00	3.39E+02
3.10E+00	5.10E+02	1.00E+01	4.40E+00	4.24E+00	1.12E+00	3.39E+02
3.10E+00	5.10E+02	1.00E+01	4.40E+00	4.24E+00	1.12E+00	3.39E+02
3.09E+00	5.10E+02	1.00E+01	4.40E+00	4.24E+00	1.12E+00	3.39E+02
3.08E+00	5.10E+02	1.00E+01	4.40E+00	4.24E+00	1.12E+00	3.39E+02
3.07E+00	5.10E+02	1.00E+01	4.40E+00	4.24E+00	1.12E+00	3.39E+02
3.06E+00	5.10E+02	1.00E+01	4.39E+00	4.24E+00	1.12E+00	3.38E+02
3.05E+00	5.10E+02	1.00E+01	4.39E+00	4.24E+00	1.12E+00	3.38E+02
3.04E+00	5.10E+02	1.00E+01	4.39E+00	4.24E+00	1.12E+00	3.38E+02
3.03E+00	5.10E+02	1.00E+01	4.39E+00	4.24E+00	1.12E+00	3.38E+02
3.02E+00	5.10E+02	1.00E+01	4.39E+00	4.24E+00	1.12E+00	3.38E+02
3.01E+00	5.10E+02	1.00E+01	4.39E+00	4.24E+00	1.12E+00	3.38E+02
3.01E+00	5.10E+02	1.00E+01	4.39E+00	4.24E+00	1.12E+00	3.38E+02
3.00E+00	5.10E+02	1.00E+01	4.39E+00	4.24E+00	1.12E+00	3.38E+02
2.99E+00	5.10E+02	1.00E+01	4.39E+00	4.24E+00	1.12E+00	3.38E+02
2.98E+00	5.10E+02	1.00E+01	4.39E+00	4.24E+00	1.12E+00	3.38E+02
2.97E+00	5.10E+02	1.00E+01	4.39E+00	4.24E+00	1.12E+00	3.38E+02
2.96E+00	5.10E+02	1.00E+01	4.39E+00	4.24E+00	1.12E+00	3.38E+02
2.96E+00	5.10E+02	1.00E+01	4.39E+00	4.24E+00	1.12E+00	3.38E+02
2.95E+00	5.10E+02	1.00E+01	4.39E+00	4.24E+00	1.12E+00	3.38E+02
2.94E+00	5.10E+02	1.00E+01	4.39E+00	4.24E+00	1.12E+00	3.38E+02
2.93E+00	5.10E+02	1.00E+01	4.39E+00	4.24E+00	1.12E+00	3.38E+02
2.92E+00	5.10E+02	1.00E+01	4.39E+00	4.24E+00	1.12E+00	3.38E+02
2.92E+00	5.10E+02	1.00E+01	4.39E+00	4.24E+00	1.12E+00	3.38E+02
2.91E+00	5.10E+02	1.00E+01	4.39E+00	4.24E+00	1.12E+00	3.38E+02
2.90E+00	5.10E+02	1.00E+01	4.39E+00	4.24E+00	1.12E+00	3.38E+02
2.89E+00	5.10E+02	1.00E+01	4.39E+00	4.24E+00	1.12E+00	3.37E+02
2.89E+00	5.10E+02	1.00E+01	4.39E+00	4.25E+00	1.12E+00	3.37E+02
2.88E+00	5.11E+02	1.00E+01	4.39E+00	4.24E+00	1.12E+00	3.37E+02
2.87E+00	5.11E+02	1.00E+01	4.39E+00	4.24E+00	1.12E+00	3.37E+02
2.86E+00	5.11E+02	1.00E+01	4.39E+00	4.24E+00	1.12E+00	3.37E+02
2.86E+00	5.11E+02	1.00E+01	4.39E+00	4.25E+00	1.12E+00	3.37E+02
2.85E+00	5.11E+02	1.00E+01	4.39E+00	4.25E+00	1.12E+00	3.37E+02
2.84E+00	5.11E+02	1.00E+01	4.39E+00	4.25E+00	1.12E+00	3.37E+02
2.84E+00	5.11E+02	1.00E+01	4.39E+00	4.25E+00	1.12E+00	3.37E+02
2.83E+00	5.11E+02	1.00E+01	4.39E+00	4.25E+00	1.12E+00	3.37E+02
2.82E+00	5.11E+02	1.00E+01	4.39E+00	4.25E+00	1.12E+00	3.37E+02
2.82E+00	5.11E+02	1.00E+01	4.39E+00	4.25E+00	1.12E+00	3.37E+02
2.81E+00	5.11E+02	1.00E+01	4.39E+00	4.25E+00	1.12E+00	3.37E+02
2.80E+00	5.11E+02	1.00E+01	4.39E+00	4.25E+00	1.12E+00	3.37E+02
2.80E+00	5.11E+02	1.00E+01	4.39E+00	4.25E+00	1.12E+00	3.37E+02
2.79E+00	5.11E+02	1.00E+01	4.39E+00	4.25E+00	1.12E+00	3.37E+02
2.78E+00	5.11E+02	1.00E+01	4.39E+00	4.25E+00	1.12E+00	3.37E+02
2.78E+00	5.11E+02	1.00E+01	4.39E+00	4.25E+00	1.12E+00	3.37E+02
2.77E+00	5.11E+02	1.00E+01	4.39E+00	4.25E+00	1.12E+00	3.37E+02
2.76E+00	5.11E+02	1.00E+01	4.39E+00	4.25E+00	1.12E+00	3.37E+02
2.76E+00	5.11E+02	1.00E+01	4.39E+00	4.25E+00	1.12E+00	3.36E+02
2.75E+00	5.11E+02	1.00E+01	4.39E+00	4.25E+00	1.12E+00	3.36E+02
2.74E+00	5.11E+02	1.00E+01	4.39E+00	4.25E+00	1.12E+00	3.36E+02
2.74E+00	5.11E+02	1.00E+01	4.39E+00	4.25E+00	1.12E+00	3.36E+02
2.73E+00	5.11E+02	1.00E+01	4.39E+00	4.25E+00	1.12E+00	3.36E+02
2.73E+00	5.11E+02	1.00E+01	4.39E+00	4.25E+00	1.12E+00	3.36E+02
2.72E+00	5.11E+02	1.00E+01	4.39E+00	4.25E+00	1.12E+00	3.36E+02
2.71E+00	5.11E+02	1.00E+01	4.39E+00	4.25E+00	1.12E+00	3.36E+02
2.71E+00	5.11E+02	1.00E+01	4.39E+00	4.25E+00	1.12E+00	3.36E+02
2.70E+00	5.11E+02	1.00E+01	4.39E+00	4.25E+00	1.12E+00	3.36E+02
2.70E+00	5.11E+02	1.00E+01	4.39E+00	4.25E+00	1.12E+00	3.36E+02
2.69E+00	5.11E+02	1.00E+01	4.39E+00	4.25E+00	1.12E+00	3.36E+02
2.68E+00	5.11E+02	1.00E+01	4.39E+00	4.25E+00	1.12E+00	3.36E+02
2.68E+00	5.11E+02	1.00E+01	4.39E+00	4.25E+00	1.12E+00	3.36E+02
2.67E+00	5.11E+02	1.00E+01	4.39E+00	4.25E+00	1.12E+00	3.36E+02
2.67E+00	5.11E+02	1.00E+01	4.39E+00	4.25E+00	1.12E+00	3.36E+02
2.66E+00	5.11E+02	1.00E+01	4.39E+00	4.25E+00	1.12E+00	3.36E+02
2.66E+00	5.11E+02	1.00E+01	4.39E+00	4.25E+00	1.12E+00	3.36E+02
2.65E+00	5.11E+02	1.00E+01	4.39E+00	4.25E+00	1.12E+00	3.36E+02
2.64E+00	5.11E+02	1.00E+01	4.39E+00	4.25E+00	1.12E+00	3.36E+02
2.64E+00	5.11E+02	1.00E+01	4.39E+00	4.25E+00	1.12E+00	3.35E+02
2.63E+00	5.11E+02	1.00E+01	4.39E+00	4.25E+00	1.12E+00	3.35E+02
2.63E+00	5.11E+02	1.00E+01	4.39E+00	4.25E+00	1.12E+00	3.35E+02
2.62E+00	5.11E+02	1.00E+01	4.39E+00	4.25E+00	1.12E+00	3.35E+02
2.62E+00	5.11E+02	1.00E+01	4.39E+00	4.25E+00	1.12E+00	3.35E+02
2.61E+00	5.11E+02	1.00E+01	4.39E+00	4.25E+00	1.12E+00	3.35E+02
2.61E+00	5.11E+02	1.00E+01	4.39E+00	4.25E+00	1.12E+00	3.35E+02
2.60E+00	5.11E+02	1.00E+01	4.39E+00	4.25E+00	1.12E+00	3.35E+02
2.60E+00	5.11E+02	1.00E+01	4.39E+00	4.25E+00	1.12E+00	3.35E+02
2.59E+00	5.11E+02	1.00E+01	4.39E+00	4.25E+00	1.12E+00	3.35E+02
2.59E+00	5.11E+02	1.00E+01	4.39E+00	4.25E+00	1.12E+00	3.35E+02
2.58E+00	5.11E+02	1.00E+01	4.39E+00	4.25E+00	1.12E+00	3.35E+02
2.58E+00	5.11E+02	1.00E+01	4.39E+00	4.25E+00	1.12E+00	3.35E+02
2.57E+00	5.11E+02	1.00E+01	4.39E+00	4.25E+00	1.12E+00	3.35E+02
2.57E+00	5.11E+02	1.00E+01	4.39E+00	4.26E+00	1.12E+00	3.35E+02
2.56E+00	5.11E+02	1.00E+01	4.39E+00	4.26E+00	1.12E+00	3.35E+02
2.56E+00	5.11E+02	1.00E+01	4.39E+00	4.26E+00	1.12E+00	3.35E+02
2.55E+00	5.11E+02	1.00E+01	4.39E+00	4.26E+00	1.12E+00	3.35E+02
2.55E+00	5.11E+02	1.00E+01	4.39E+00	4.26E+00	1.12E+00	3.35E+02
2.54E+00	5.11E+02	1.00E+01	4.39E+00	4.26E+00	1.12E+00	3.35E+02
2.54E+00	5.11E+02	1.00E+01	4.39E+00	4.26E+00	1.12E+00	3.35E+02
2.53E+00	5.11E+02	1.00E+01	4.39E+00	4.26E+00	1.12E+00	3.34E+02
2.53E+00	5.11E+02	1.00E+01	4.39E+00	4.26E+00	1.12E+00	3.34E+02
2.52E+00	5.11E+02	1.00E+01	4.39E+00	4.26E+00	1.12E+00	3.34E+02
2.52E+00	5.11E+02	1.00E+01	4.39E+00	4.26E+00	1.12E+00	3.34E+02
2.51E+00	5.11E+02	1.00E+01	4.39E+00	4.26E+00	1.12E+00	3.34E+02
2.51E+00	5.11E+02	1.00E+01	4.39E+00	4.26E+00	1.12E+00	3.34E+02
2.50E+00	5.11E+02	1.00E+01	4.39E+00	4.26E+00	1.12E+00	3.34E+02
2.50E+00	5.11E+02	1.00E+01	4.39E+00	4.26E+00	1.12E+00	3.34E+02
2.49E+00	5.11E+02	1.00E+01	4.39E+00	4.26E+00	1.12E+00	3.34E+02
2.49E+00	5.11E+02	1.00E+01	4.39E+00	4.26E+00	1.12E+00	3.34E+02
2.48E+00	5.11E+02	1.00E+01	4.39E+00	4.26E+00	1.12E+00	3.34E+02
2.48E+00	5.11E+02	1.00E+01	4.39E+00	4.26E+00	1.12E+00	3.34E+02
2.47E+00	5.11E+02	1.00E+01	4.39E+00	4.26E+00	1.12E+00	3.34E+02
2.47E+00	5.11E+02	1.00E+01	4.39E+00	4.26E+00	1.12E+00	3.34E+02
2.46E+00	5.11E+02	1.00E+01	4.39E+00	4.26E+00	1.12E+00	3.34E+02
2.46E+00	5.11E+02	1.00E+01	4.39E+00	4.26E+00	1.12E+00	3.34E+02
2.46E+00	5.11E+02	1.00E+01	4.39E+00	4.26E+00	1.12E+00	3.34E+02
2.45E+00	5.11E+02	1.00E+01	4.39E+00	4.26E+00	1.12E+00	3.34E+02
2.45E+00	5.11E+02	1.00E+01	4.39E+00	4.26E+00	1.12E+00	3.34E+02
2.44E+00	5.11E+02	1.00E+01	4.39E+00	4.26E+00	1.12E+00	3.34E+02
2.44E+00	5.11E+02	1.00E+01	4.39E+00	4.26E+00	1.12E+00	3.34E+02
2.43E+00	5.11E+02	1.00E+01	4.39E+00	4.26E+00	1.12E+00	3.33E+02
2.43E+00	5.11E+02	1.00E+01	4.39E+00	4.26E+00	1.12E+00	3.33E+02
2.42E+00	5.11E+02	1.00E+01	4.39E+00	4.26E+00	1.12E+00	3.33E+02
2.42E+00	5.11E+02	1.00E+01	4.39E+00	4.26E+00	1.12E+00	3.33E+02
2.42E+00	5.11E+02	1.00E+01	4.39E+00	4.26E+00	1.12E+00	3.33E+02
2.41E+00	5.11E+02	1.00E+01	4.39E+00	4.26E+00	1.12E+00	3.33E+02
2.41E+00	5.11E+02	1.00E+01	4.39E+00	4.26E+00	1.12E+00	3.33E+02
2.40E+00	5.11E+02	1.00E+01	4.39E+00	4.26E+00	1.12E+00	3.33E+02
2.40E+00	5.11E+02	1.00E+01	4.39E+00	4.26E+00	1.12E+00	3.33E+02
2.39E+00	5.11E+02	1.00E+01	4.39E+00	4.26E+00	1.12E+00	3.33E+02
2.39E+00	5.11E+02	1.00E+01	4.39E+00	4.26E+00	1.12E+00	3.33E+02
2.39E+00	5.11E+02	1.00E+01	4.39E+00	4.26E+00	1.12E+00	3.33E+02
2.38E+00	5.11E+02	1.00E+01	4.39E+00	4.26E+00	1.12E+00	3.33E+02
2.38E+00	5.11E+02	1.00E+01	4.39E+00	4.26E+00	1.12E+00	3.33E+02
2.37E+00	5.11E+02	1.00E+01	4.38E+00	4.26E+00	1.12E+00	3.33E+02
2.37E+00	5.11E+02	1.00E+01	4.38E+00	4.26E+00	1.12E+00	3.33E+02
2.36E+00	5.11E+02	1.00E+01	4.38E+00	4.26E+00	1.12E+00	3.33E+02
2.36E+00	5.11E+02	1.00E+01	4.38E+00	4.26E+00	1.12E+00	3.33E+02
2.36E+00	5.11E+02	1.00E+01	4.38E+00	4.26E+00	1.12E+00	3.33E+02
2.35E+00	5.11E+02	1.00E+01	4.38E+00	4.26E+00	1.12E+00	3.33E+02
2.35E+00	5.11E+02	1.00E+01	4.38E+00	4.26E+00	1.12E+00	3.33E+02
2.34E+00	5.11E+02	1.00E+01	4.38E+00	4.26E+00	1.12E+00	3.33E+02
2.34E+00	5.11E+02	1.00E+01	4.38E+00	4.26E+00	1.12E+00	3.32E+02
2.34E+00	5.11E+02	1.00E+01	4.38E+00	4.26E+00	1.12E+00	3.32E+02
2.33E+00	5.11E+02	1.00E+01	4.38E+00	4.26E+00	1.12E+00	3.32E+02
2.33E+00	5.11E+02	1.00E+01	4.38E+00	4.26E+00	1.12E+00	3.32E+02
2.32E+00	5.11E+02	1.00E+01	4.38E+00	4.26E+00	1.12E+00	3.32E+02
2.32E+00	5.11E+02	1.00E+01	4.38E+00	4.26E+00	1.12E+00	3.32E+02
2.32E+00	5.11E+02	1.00E+01	4.38E+00	4.26E+00	1.12E+00	3.32E+02
2.31E+00	5.11E+02	1.00E+01	4.38E+00	4.26E+00	1.12E+00	3.32E+02
2.31E+00	5.11E+02	1.00E+01	4.38E+00	4.26E+00	1.12E+00	3.32E+02
2.30E+00	5.11E+02	1.00E+01	4.38E+00	4.26E+00	1.12E+00	3.32E+02
2.30E+00	5.11E+02	1.00E+01	4.38E+00	4.26E+00	1.12E+00	3.32E+02
2.30E+00	5.11E+02	1.00E+01	4.38E+00	4.26E+00	1.12E+00	3.32E+02

